1D Mesh
201
0 	0.0 	 0 	 0 		 5 		 0.0 	 0.0 	 0.0
1 	5.0 	 0 	 0 		 5 		 0.0 	 0.0 	 0.0
2 	10.0 	 0 	 0 		 5 		 0.0 	 0.0 	 0.0
3 	15.0 	 0 	 0 		 5 		 0.0 	 0.0 	 0.0
4 	20.0 	 0 	 0 		 5 		 0.0 	 0.0 	 0.0
5 	25.0 	 0 	 0 		 5 		 0.0 	 0.0 	 0.0
6 	30.0 	 0 	 0 		 5 		 0.0 	 0.0 	 0.0
7 	35.0 	 0 	 0 		 5 		 0.0 	 0.0 	 0.0
8 	40.0 	 0 	 0 		 5 		 0.0 	 0.0 	 0.0
9 	45.0 	 0 	 0 		 5 		 0.0 	 0.0 	 0.0
10 	50.0 	 0 	 0 		 5 		 0.0 	 0.0 	 0.0
11 	55.0 	 0 	 0 		 5 		 0.0 	 0.0 	 0.0
12 	60.0 	 0 	 0 		 5 		 0.0 	 0.0 	 0.0
13 	65.0 	 0 	 0 		 5 		 0.0 	 0.0 	 0.0
14 	70.0 	 0 	 0 		 5 		 0.0 	 0.0 	 0.0
15 	75.0 	 0 	 0 		 5 		 0.0 	 0.0 	 0.0
16 	80.0 	 0 	 0 		 5 		 0.0 	 0.0 	 0.0
17 	85.0 	 0 	 0 		 5 		 0.0 	 0.0 	 0.0
18 	90.0 	 0 	 0 		 5 		 0.0 	 0.0 	 0.0
19 	95.0 	 0 	 0 		 5 		 0.0 	 0.0 	 0.0
20 	100.0 	 0 	 0 		 5 		 0.0 	 0.0 	 0.0
21 	105.0 	 0 	 0 		 4.99612971908 		 0.0 	 0.0 	 0.0
22 	110.0 	 0 	 0 		 4.98456127992 		 0.0 	 0.0 	 0.0
23 	115.0 	 0 	 0 		 4.96542142876 		 0.0 	 0.0 	 0.0
24 	120.0 	 0 	 0 		 4.93891986582 		 0.0 	 0.0 	 0.0
25 	125.0 	 0 	 0 		 4.90534694777 		 0.0 	 0.0 	 0.0
26 	130.0 	 0 	 0 		 4.86507050653 		 0.0 	 0.0 	 0.0
27 	135.0 	 0 	 0 		 4.8185318192 		 0.0 	 0.0 	 0.0
28 	140.0 	 0 	 0 		 4.76624077339 		 0.0 	 0.0 	 0.0
29 	145.0 	 0 	 0 		 4.70877028074 		 0.0 	 0.0 	 0.0
30 	150.0 	 0 	 0 		 4.64675 		 0.0 	 0.0 	 0.0
31 	155.0 	 0 	 0 		 4.58085943833 		 0.0 	 0.0 	 0.0
32 	160.0 	 0 	 0 		 4.51182050653 		 0.0 	 0.0 	 0.0
33 	165.0 	 0 	 0 		 4.44038960956 		 0.0 	 0.0 	 0.0
34 	170.0 	 0 	 0 		 4.3673493593 		 0.0 	 0.0 	 0.0
35 	175.0 	 0 	 0 		 4.2935 		 0.0 	 0.0 	 0.0
36 	180.0 	 0 	 0 		 4.2196506407 		 0.0 	 0.0 	 0.0
37 	185.0 	 0 	 0 		 4.14661039044 		 0.0 	 0.0 	 0.0
38 	190.0 	 0 	 0 		 4.07517949347 		 0.0 	 0.0 	 0.0
39 	195.0 	 0 	 0 		 4.00614056167 		 0.0 	 0.0 	 0.0
40 	200.0 	 0 	 0 		 3.94025 		 0.0 	 0.0 	 0.0
41 	205.0 	 0 	 0 		 3.87822971926 		 0.0 	 0.0 	 0.0
42 	210.0 	 0 	 0 		 3.82075922661 		 0.0 	 0.0 	 0.0
43 	215.0 	 0 	 0 		 3.7684681808 		 0.0 	 0.0 	 0.0
44 	220.0 	 0 	 0 		 3.72192949347 		 0.0 	 0.0 	 0.0
45 	225.0 	 0 	 0 		 3.68165305223 		 0.0 	 0.0 	 0.0
46 	230.0 	 0 	 0 		 3.64808013418 		 0.0 	 0.0 	 0.0
47 	235.0 	 0 	 0 		 3.62157857124 		 0.0 	 0.0 	 0.0
48 	240.0 	 0 	 0 		 3.60243872008 		 0.0 	 0.0 	 0.0
49 	245.0 	 0 	 0 		 3.59087028092 		 0.0 	 0.0 	 0.0
50 	250.0 	 0 	 0 		 3.587 		 0.0 	 0.0 	 0.0
51 	255.0 	 0 	 0 		 3.59087028092 		 0.0 	 0.0 	 0.0
52 	260.0 	 0 	 0 		 3.60243872008 		 0.0 	 0.0 	 0.0
53 	265.0 	 0 	 0 		 3.62157857124 		 0.0 	 0.0 	 0.0
54 	270.0 	 0 	 0 		 3.64808013418 		 0.0 	 0.0 	 0.0
55 	275.0 	 0 	 0 		 3.68165305223 		 0.0 	 0.0 	 0.0
56 	280.0 	 0 	 0 		 3.72192949347 		 0.0 	 0.0 	 0.0
57 	285.0 	 0 	 0 		 3.7684681808 		 0.0 	 0.0 	 0.0
58 	290.0 	 0 	 0 		 3.82075922661 		 0.0 	 0.0 	 0.0
59 	295.0 	 0 	 0 		 3.87822971926 		 0.0 	 0.0 	 0.0
60 	300.0 	 0 	 0 		 3.94025 		 0.0 	 0.0 	 0.0
61 	305.0 	 0 	 0 		 4.00614056167 		 0.0 	 0.0 	 0.0
62 	310.0 	 0 	 0 		 4.07517949347 		 0.0 	 0.0 	 0.0
63 	315.0 	 0 	 0 		 4.14661039044 		 0.0 	 0.0 	 0.0
64 	320.0 	 0 	 0 		 4.2196506407 		 0.0 	 0.0 	 0.0
65 	325.0 	 0 	 0 		 4.2935 		 0.0 	 0.0 	 0.0
66 	330.0 	 0 	 0 		 4.3673493593 		 0.0 	 0.0 	 0.0
67 	335.0 	 0 	 0 		 4.44038960956 		 0.0 	 0.0 	 0.0
68 	340.0 	 0 	 0 		 4.51182050653 		 0.0 	 0.0 	 0.0
69 	345.0 	 0 	 0 		 4.58085943833 		 0.0 	 0.0 	 0.0
70 	350.0 	 0 	 0 		 4.64675 		 0.0 	 0.0 	 0.0
71 	355.0 	 0 	 0 		 4.70877028074 		 0.0 	 0.0 	 0.0
72 	360.0 	 0 	 0 		 4.76624077339 		 0.0 	 0.0 	 0.0
73 	365.0 	 0 	 0 		 4.8185318192 		 0.0 	 0.0 	 0.0
74 	370.0 	 0 	 0 		 4.86507050653 		 0.0 	 0.0 	 0.0
75 	375.0 	 0 	 0 		 4.90534694777 		 0.0 	 0.0 	 0.0
76 	380.0 	 0 	 0 		 4.93891986582 		 0.0 	 0.0 	 0.0
77 	385.0 	 0 	 0 		 4.96542142876 		 0.0 	 0.0 	 0.0
78 	390.0 	 0 	 0 		 4.98456127992 		 0.0 	 0.0 	 0.0
79 	395.0 	 0 	 0 		 4.99612971908 		 0.0 	 0.0 	 0.0
80 	400.0 	 0 	 0 		 5 		 0.0 	 0.0 	 0.0
81 	405.0 	 0 	 0 		 5 		 0.0 	 0.0 	 0.0
82 	410.0 	 0 	 0 		 5 		 0.0 	 0.0 	 0.0
83 	415.0 	 0 	 0 		 5 		 0.0 	 0.0 	 0.0
84 	420.0 	 0 	 0 		 5 		 0.0 	 0.0 	 0.0
85 	425.0 	 0 	 0 		 5 		 0.0 	 0.0 	 0.0
86 	430.0 	 0 	 0 		 5 		 0.0 	 0.0 	 0.0
87 	435.0 	 0 	 0 		 5 		 0.0 	 0.0 	 0.0
88 	440.0 	 0 	 0 		 5 		 0.0 	 0.0 	 0.0
89 	445.0 	 0 	 0 		 5 		 0.0 	 0.0 	 0.0
90 	450.0 	 0 	 0 		 5 		 0.0 	 0.0 	 0.0
91 	455.0 	 0 	 0 		 5 		 0.0 	 0.0 	 0.0
92 	460.0 	 0 	 0 		 5 		 0.0 	 0.0 	 0.0
93 	465.0 	 0 	 0 		 5 		 0.0 	 0.0 	 0.0
94 	470.0 	 0 	 0 		 5 		 0.0 	 0.0 	 0.0
95 	475.0 	 0 	 0 		 5 		 0.0 	 0.0 	 0.0
96 	480.0 	 0 	 0 		 5 		 0.0 	 0.0 	 0.0
97 	485.0 	 0 	 0 		 5 		 0.0 	 0.0 	 0.0
98 	490.0 	 0 	 0 		 5 		 0.0 	 0.0 	 0.0
99 	495.0 	 0 	 0 		 5 		 0.0 	 0.0 	 0.0
100 	500.0 	 0 	 0 		 5 		 0.0 	 0.0 	 0.0
101 	505.0 	 0 	 0 		 5 		 0.0 	 0.0 	 0.0
102 	510.0 	 0 	 0 		 5 		 0.0 	 0.0 	 0.0
103 	515.0 	 0 	 0 		 5 		 0.0 	 0.0 	 0.0
104 	520.0 	 0 	 0 		 5 		 0.0 	 0.0 	 0.0
105 	525.0 	 0 	 0 		 5 		 0.0 	 0.0 	 0.0
106 	530.0 	 0 	 0 		 5 		 0.0 	 0.0 	 0.0
107 	535.0 	 0 	 0 		 5 		 0.0 	 0.0 	 0.0
108 	540.0 	 0 	 0 		 5 		 0.0 	 0.0 	 0.0
109 	545.0 	 0 	 0 		 5 		 0.0 	 0.0 	 0.0
110 	550.0 	 0 	 0 		 5 		 0.0 	 0.0 	 0.0
111 	555.0 	 0 	 0 		 5 		 0.0 	 0.0 	 0.0
112 	560.0 	 0 	 0 		 5 		 0.0 	 0.0 	 0.0
113 	565.0 	 0 	 0 		 5 		 0.0 	 0.0 	 0.0
114 	570.0 	 0 	 0 		 5 		 0.0 	 0.0 	 0.0
115 	575.0 	 0 	 0 		 5 		 0.0 	 0.0 	 0.0
116 	580.0 	 0 	 0 		 5 		 0.0 	 0.0 	 0.0
117 	585.0 	 0 	 0 		 5 		 0.0 	 0.0 	 0.0
118 	590.0 	 0 	 0 		 5 		 0.0 	 0.0 	 0.0
119 	595.0 	 0 	 0 		 5 		 0.0 	 0.0 	 0.0
120 	600.0 	 0 	 0 		 5 		 0.0 	 0.0 	 0.0
121 	605.0 	 0 	 0 		 5 		 0.0 	 0.0 	 0.0
122 	610.0 	 0 	 0 		 5 		 0.0 	 0.0 	 0.0
123 	615.0 	 0 	 0 		 5 		 0.0 	 0.0 	 0.0
124 	620.0 	 0 	 0 		 5 		 0.0 	 0.0 	 0.0
125 	625.0 	 0 	 0 		 5 		 0.0 	 0.0 	 0.0
126 	630.0 	 0 	 0 		 5 		 0.0 	 0.0 	 0.0
127 	635.0 	 0 	 0 		 5 		 0.0 	 0.0 	 0.0
128 	640.0 	 0 	 0 		 5 		 0.0 	 0.0 	 0.0
129 	645.0 	 0 	 0 		 5 		 0.0 	 0.0 	 0.0
130 	650.0 	 0 	 0 		 5 		 0.0 	 0.0 	 0.0
131 	655.0 	 0 	 0 		 5 		 0.0 	 0.0 	 0.0
132 	660.0 	 0 	 0 		 5 		 0.0 	 0.0 	 0.0
133 	665.0 	 0 	 0 		 5 		 0.0 	 0.0 	 0.0
134 	670.0 	 0 	 0 		 5 		 0.0 	 0.0 	 0.0
135 	675.0 	 0 	 0 		 5 		 0.0 	 0.0 	 0.0
136 	680.0 	 0 	 0 		 5 		 0.0 	 0.0 	 0.0
137 	685.0 	 0 	 0 		 5 		 0.0 	 0.0 	 0.0
138 	690.0 	 0 	 0 		 5 		 0.0 	 0.0 	 0.0
139 	695.0 	 0 	 0 		 5 		 0.0 	 0.0 	 0.0
140 	700.0 	 0 	 0 		 5 		 0.0 	 0.0 	 0.0
141 	705.0 	 0 	 0 		 5 		 0.0 	 0.0 	 0.0
142 	710.0 	 0 	 0 		 5 		 0.0 	 0.0 	 0.0
143 	715.0 	 0 	 0 		 5 		 0.0 	 0.0 	 0.0
144 	720.0 	 0 	 0 		 5 		 0.0 	 0.0 	 0.0
145 	725.0 	 0 	 0 		 5 		 0.0 	 0.0 	 0.0
146 	730.0 	 0 	 0 		 5 		 0.0 	 0.0 	 0.0
147 	735.0 	 0 	 0 		 5 		 0.0 	 0.0 	 0.0
148 	740.0 	 0 	 0 		 5 		 0.0 	 0.0 	 0.0
149 	745.0 	 0 	 0 		 5 		 0.0 	 0.0 	 0.0
150 	750.0 	 0 	 0 		 5 		 0.0 	 0.0 	 0.0
151 	755.0 	 0 	 0 		 5 		 0.0 	 0.0 	 0.0
152 	760.0 	 0 	 0 		 5 		 0.0 	 0.0 	 0.0
153 	765.0 	 0 	 0 		 5 		 0.0 	 0.0 	 0.0
154 	770.0 	 0 	 0 		 5 		 0.0 	 0.0 	 0.0
155 	775.0 	 0 	 0 		 5 		 0.0 	 0.0 	 0.0
156 	780.0 	 0 	 0 		 5 		 0.0 	 0.0 	 0.0
157 	785.0 	 0 	 0 		 5 		 0.0 	 0.0 	 0.0
158 	790.0 	 0 	 0 		 5 		 0.0 	 0.0 	 0.0
159 	795.0 	 0 	 0 		 5 		 0.0 	 0.0 	 0.0
160 	800.0 	 0 	 0 		 5 		 0.0 	 0.0 	 0.0
161 	805.0 	 0 	 0 		 5 		 0.0 	 0.0 	 0.0
162 	810.0 	 0 	 0 		 5 		 0.0 	 0.0 	 0.0
163 	815.0 	 0 	 0 		 5 		 0.0 	 0.0 	 0.0
164 	820.0 	 0 	 0 		 5 		 0.0 	 0.0 	 0.0
165 	825.0 	 0 	 0 		 5 		 0.0 	 0.0 	 0.0
166 	830.0 	 0 	 0 		 5 		 0.0 	 0.0 	 0.0
167 	835.0 	 0 	 0 		 5 		 0.0 	 0.0 	 0.0
168 	840.0 	 0 	 0 		 5 		 0.0 	 0.0 	 0.0
169 	845.0 	 0 	 0 		 5 		 0.0 	 0.0 	 0.0
170 	850.0 	 0 	 0 		 5 		 0.0 	 0.0 	 0.0
171 	855.0 	 0 	 0 		 5 		 0.0 	 0.0 	 0.0
172 	860.0 	 0 	 0 		 5 		 0.0 	 0.0 	 0.0
173 	865.0 	 0 	 0 		 5 		 0.0 	 0.0 	 0.0
174 	870.0 	 0 	 0 		 5 		 0.0 	 0.0 	 0.0
175 	875.0 	 0 	 0 		 5 		 0.0 	 0.0 	 0.0
176 	880.0 	 0 	 0 		 5 		 0.0 	 0.0 	 0.0
177 	885.0 	 0 	 0 		 5 		 0.0 	 0.0 	 0.0
178 	890.0 	 0 	 0 		 5 		 0.0 	 0.0 	 0.0
179 	895.0 	 0 	 0 		 5 		 0.0 	 0.0 	 0.0
180 	900.0 	 0 	 0 		 5 		 0.0 	 0.0 	 0.0
181 	905.0 	 0 	 0 		 5 		 0.0 	 0.0 	 0.0
182 	910.0 	 0 	 0 		 5 		 0.0 	 0.0 	 0.0
183 	915.0 	 0 	 0 		 5 		 0.0 	 0.0 	 0.0
184 	920.0 	 0 	 0 		 5 		 0.0 	 0.0 	 0.0
185 	925.0 	 0 	 0 		 5 		 0.0 	 0.0 	 0.0
186 	930.0 	 0 	 0 		 5 		 0.0 	 0.0 	 0.0
187 	935.0 	 0 	 0 		 5 		 0.0 	 0.0 	 0.0
188 	940.0 	 0 	 0 		 5 		 0.0 	 0.0 	 0.0
189 	945.0 	 0 	 0 		 5 		 0.0 	 0.0 	 0.0
190 	950.0 	 0 	 0 		 5 		 0.0 	 0.0 	 0.0
191 	955.0 	 0 	 0 		 5 		 0.0 	 0.0 	 0.0
192 	960.0 	 0 	 0 		 5 		 0.0 	 0.0 	 0.0
193 	965.0 	 0 	 0 		 5 		 0.0 	 0.0 	 0.0
194 	970.0 	 0 	 0 		 5 		 0.0 	 0.0 	 0.0
195 	975.0 	 0 	 0 		 5 		 0.0 	 0.0 	 0.0
196 	980.0 	 0 	 0 		 5 		 0.0 	 0.0 	 0.0
197 	985.0 	 0 	 0 		 5 		 0.0 	 0.0 	 0.0
198 	990.0 	 0 	 0 		 5 		 0.0 	 0.0 	 0.0
199 	995.0 	 0 	 0 		 5 		 0.0 	 0.0 	 0.0
200 	1000.0 	 0 	 0 		 5 		 0.0 	 0.0 	 0.0
